Status;Name;Bundesland;Art der Nutzung;Mwtherm (installierte Leistung geothermisch);MWel;max. Temperatur in °C;Teufe in m (TVD);Förderrate (l/s) (maximal);Jahresproduktion geothermische Wärme GWh/a;Jahresproduktion geothermischer Strom GWh/a;Jahr d. Inbetrieb-nahme;Entwicklung/ Aufsuchungserlaubnis;Output;Anzahl der Bohrungen;Hauptnutzung;Nebennutzung;Reservoir ;Betreiberstruktur;Region;News zu Projekten;Betreiber Name;Zusatzinfos
A_Projekt in Betrieb;Bruchsal;Baden-Württemberg;Hydrogeothermie;1,2;0,5;131;2542;31;2,3;;2009;2019 Nahwärmenetz;Wärme & Strom;Dublette;Strom;Nahwärmenetz;;privater Investor;Oberrheingraben;;;
A_Projekt in Betrieb;Pfullendorf;Baden-Württemberg;Hydrogeothermie;;;75;1530;25;;;2020;;Wärme;Dublette;1 Kaserne wird beheizt;;Dolomit;Bund ;Molassebecken;;;
A_Projekt in Betrieb;Weinheim;Baden-Württemberg;Hydrogeothermie;1,1;;65;1150;10;5,65;;2005;;Wärme;;Gebäudeheizung für 1 Gebäude, Sole für Therme;;;;Oberrheingraben;;;
A_Projekt in Betrieb;Aschheim, Feldkirchen, Kirchheim;Bayern;Hydrogeothermie;12,4;;87,1;2630;84,7;75,34;;2009;;Wärme;Dublette;Fernwärme;;Kalksandstein;kommunal;Molassebecken;;AFK Geothermie GmbH;2. Dublette geplant
A_Projekt in Betrieb;Dürrnhaar;Bayern;Hydrogeothermie;;5,5;141;3926;133;;31,2;2012;;Strom;Dublette;Strom;;Kalkstein, dolomit.;kommunal;Molassebecken;;;
A_Projekt in Betrieb;Erding;Bayern;Hydrogeothermie;10,2;;65;2218;48;26,35;;1998;2008 Reinjektionsbohrung, 2009 Inbetriebnahme Heizwerk 2;Wärme;Dublette;Fernwärme;Balneologie;;kommunal;Molassebecken;;;
A_Projekt in Betrieb;Garching a.d. Alz ;Bayern;Hydrogeothermie;7;5,2;125;3837;125;;27,5;2021;;Wärme & Strom;Dublette;Strom;Fernwärme;;privater Investor;Molassebecken;https://bruck.silenos-energy.com/databases/internet/_public/content30.nsf/web30?Openagent&id=96F6FA72066B984FC12587C70034B4F1;;
A_Projekt in Betrieb;Garching bei München;Bayern;Hydrogeothermie;9,8;;75;2226,3;100;42,8;;2011;;Wärme;Dublette;Fernwärme;;Kalkstein;kommunal;Molassebecken;;;
A_Projekt in Betrieb;Holzkirchen;Bayern;Hydrogeothermie;5;3,6;157;;65;3,8;22,97;2019;2019 ORC-Anlage liefert Strom -> Heizkraftwerk;Wärme & Strom;Dublette;Fernwärme;Strom;Kalkstein, dolomit.;kommunal;Molassebecken;;;
A_Projekt in Betrieb;Ismaning;Bayern;Hydrogeothermie;7,2;;78;1906;85;48,26;;2013;;Wärme;Dublette;Fernwärme;;;kommunal;Molassebecken;;;
A_Projekt in Betrieb;Kirchstockach;Bayern;Hydrogeothermie;10;5,5;125;3881,6;140,5;2;23,5;2013;2021 durch Wärmeauskopplung -> Heizkraftwerk;Wärme & Strom;Dublette;Strom;Fernwärme;Kalkstein, dolomit.;kommunal;Molassebecken;;;
A_Projekt in Betrieb;Kirchweidach;Bayern;Hydrogeothermie;30,6;4,4;127;3421;80;96,4;1,8;2013;2021 geplante Erweiterung der Stromproduktion durch ORC-Anlage, zurzeit unklar, ob es die Erweiterung stattgefunden hat, Bohrungen gestartet (Jan 2023);Wärme & Strom;Dublette;Fernwärme;Gewächshaus;;kommunal;Molassebecken;;;
A_Projekt in Betrieb;München-Freiham;Bayern;Hydrogeothermie;13;;91,9;2517,8;121;99,77;;2016;;Wärme;Dublette;Fernwärme;;Karbonat;kommunal;Molassebecken;;;
A_Projekt in Betrieb;München-Riem;Bayern;Hydrogeothermie;13;;98,4;2747;87;79,96;;2004;;Wärme;Dublette;Fernwärme;;;kommunal;Molassebecken;;;
A_Projekt in Betrieb;Oberhaching-Laufzorn / Grünwald;Bayern;Hydrogeothermie;40;4,3;135;3755,2;132;49,35;18,03;2011;2014 ORC-Anlage liefert Strom -> Heizkraftwerk;Wärme & Strom;Dublette;Fernwärme;Strom;Kalkstein, dolomit.;kommunal;Molassebecken;;;
A_Projekt in Betrieb;Poing;Bayern;Hydrogeothermie;10;;85;3014;100;39,7;;2012;;Wärme;Dublette;Fernwärme;;;kommunal;Molassebecken;;;
A_Projekt in Betrieb;Pullach;Bayern;Hydrogeothermie;16,5;;109;3443;93;70;;2005;2011 weitere Bohrung zur bestehenden Dublette hinzugefügt  ;Wärme;Triplette;Fernwärme;;Kalke und Dolomite;kommunal;Molassebecken;;;
A_Projekt in Betrieb;Sauerlach;Bayern;Hydrogeothermie;4;5;141;4480;110;11,9;26,4;2013;;Wärme & Strom;Triplette;Strom;Fernwärme;;kommunal;Molassebecken;;;
A_Projekt in Betrieb;Simbach-Braunau;Bayern;Hydrogeothermie;9,4;;81,7;1942;90;46,94;;2000;;Wärme;Dublette;Fernwärme;;;kommunal;Molassebecken;;;GER + AUT Gemeinschaftsprojekt
A_Projekt in Betrieb;Straubing;Bayern;Hydrogeothermie;2,1;;36,5;824,8;31,4;2,9;;1999;;Wärme;Dublette;2 Nahwärmenetze;Balneologie;Kalkstein, dolomit.;kommunal;Molassebecken;GeotIS fragt es nicht mehr ab, da sie nicht antworten;;
A_Projekt in Betrieb;Taufkirchen/Oberhaching;Bayern;Hydrogeothermie;40;0;136;3696;120;101;;2015;;Wärme;Dublette;Strom: Die Kalina Anlage (errichtet 2018) wurde abgebaut, 2024 soll die neue ORC-Anlage in Betrieb gehen. Deshalb zur Zeit 0;Fernwärme;;kommunal;Molassebecken;;;
A_Projekt in Betrieb;Traunreut;Bayern;Hydrogeothermie;13,5;5,5;120;4645,8;168,6;34,3;27,6;2014;2016 Fertigstellung einer ORC-Anlage -> Heizkraftwerk;Wärme & Strom;Dublette;Fernwärme;Strom;;kommunal;Molassebecken;;;
A_Projekt in Betrieb;Unterföhring;Bayern;Hydrogeothermie;10;;87;2124;75;30,1;;2009;;Wärme;Dublette;Fernwärme;;;privater Investor;Molassebecken;;;
A_Projekt in Betrieb;Unterföhring (2. Dublette);Bayern;Hydrogeothermie;11,3;;93;2341;90;42,5;;2014;;Wärme;Dublette;Fernwärme;;;privater Investor;Molassebecken;;;
A_Projekt in Betrieb;Unterhaching;Bayern;Hydrogeothermie;38;;123,7;3350;140;183,7;;2007;2009-2017 Stromproduktion durch Kalina-Anlage;Wärme;Dublette;Fernwärme;;;kommunal;Molassebecken;;;
A_Projekt in Betrieb;Unterschleißheim;Bayern;Hydrogeothermie;7;;80;1960;100;40,2;;2003;;Wärme;Dublette;Fernwärme;Balneologie;Kalkstein;privater Investor;Molassebecken;;;
A_Projekt in Betrieb;München-Sendling;Bayern;Hydrogeothermie;50;;107;2809,18;115;126,09;;2021;;Wärme;7 Bohrungen;Fernwärme;;;;Molassebecken;;;
A_Projekt in Betrieb;Waldkraiburg;Bayern;Hydrogeothermie;14;;111,5;2718;80;41;;2012;;Wärme;Dublette;Fernwärme;;;kommunal;Molassebecken;;;
A_Projekt in Betrieb;Berlin (Reichstag);Berlin;Aquiferspeicher;;;70;300;27,8;;;1999;;Wärme;;;;;;;;;
A_Projekt in Betrieb;Neuruppin;Brandenburg;Hydrogeothermie;1,4;;63,4;1702;3,9;1,09;;2007;;Wärme;Dublette;Gebäudeheizung (Hotelkomplex und Bad);Balneologie;Feinsandstein;kommunal;Nord.Becken;;;
A_Projekt in Betrieb;Heubach/Groß-Umstadt;Hessen;Sonde;0,09;;36,7;773;5;;;2012;;Wärme;Tiefe Erdwärmesonde + 8 flache Erdwärmesonden;Beheizung Produktionshallen, Büros -> Nahwärme;;Kristallin;kommunal;;;;
A_Projekt in Betrieb;Neustadt Glewe;Mecklenburg-Vorpommern;Hydrogeothermie;4;;99;2450;35;16,03;;1994;bis 2012 Stromerzeugung mit ORC-Anlage;Wärme;Dublette;Fernwärme;;O.Keuper (Rhaet);kommunal;Nord.Becken;;;
A_Projekt in Betrieb;Schwerin;Mecklenburg-Vorpommern;Hydrogeothermie;7,5;;56;1311;;;;2023;;Wärme;Dublette;;;;;Nord.Becken;https://www.stadtwerke-schwerin.de/home/ueber_uns/geothermie/Geothermie-in-Schwerin-Lankow-Ablauf-und-Ergebnisse,swsr_id,786,swsr_inhalt_id,2450.html;;
A_Projekt in Betrieb;Waren;Mecklenburg-Vorpommern;Hydrogeothermie;1,3;;63;1565;17;1,34;;1984;Seit 2012 auch Balneologie;Wärme;Dublette;Fernwärme;Balneologie;Sandstein;kommunal;Nord.Becken;;;
A_Projekt in Betrieb;Arnsberg;Nordrhein-Westfalen;Sonde;0,35;;90;2835;20;2,1;;2012;;Wärme;Tiefe Erdwärmesonde;"Gebäudeheizung vom Freibad ""Nass""";;Sandstein;kommunal;;;;
A_Projekt in Betrieb;Bochum Werne / Zeche Robert Müser;Nordrhein-Westfalen;Grubenwasser;0.4;;20;570;32;1.2;;2012;;Wärme;Grubenwasser;Gebäudeheizung von Feuerwehr und 2 Schulen mit Hilfe von BHKW und WP -> Nahwärme?;;;kommunal;;;;
A_Projekt in Betrieb;Essen;Nordrhein-Westfalen;Grubenwasser;0.8;;35;1200;bis 300;;;2010;;Wärme;;-;;;;;;;
A_Projekt in Betrieb;Marl;Nordrhein-Westfalen;Sonde;0,06;;21;700;;;;2010;;Wärme;;-;;;;;https://norddeutsche-geothermietagung.de/vortraege/2022/11_lohmar_potenzial_geothermische_nachnutzung_sigmundshall.pdf;;"Zeche Auguste
Victoria
"
A_Projekt in Betrieb;Insheim;Rheinland-Pfalz;Hydrogeothermie;;4,8;165;3600;80;;21;2012;;Strom;Dublette;Strom;;;privater Investor;Oberrheingraben;;;für spätere Auflagen: 2023 Anfang Ausbau Fernwärmenetz geplant
A_Projekt in Betrieb;"Kaiserslautern ""WIPOTEC""";Rheinland-Pfalz;Sonde;;;52;1450;;;;2015;;Wärme;;;;;privater Investor;;;;Quelle der Daten: https://www.tsb-energie.de/fileadmin/Redakteure/Veranstaltungen/Gebaeudeenergie/2021/Referentenbeitraege/Otto_Reisig.pdf
A_Projekt in Betrieb;Landau ;Rheinland-Pfalz;Hydrogeothermie;5;1,8;159;3291;70;0,92;7,72;2007;;Wärme & Strom;Dublette;Strom;Fernwärme;;privater Investor;Oberrheingraben;;;
B_Projekt in Bau;Neubrandenburg;Mecklenburg-Vorpommern;Hydrogeothermie / Aquiferspeicher;;;80;1268;28;;;1987;2004 Fertigstellung Aquiferspeicher;Wärme;Dublette;Speicher;;O.Keuper (Rhaet);kommunal;Nord.Becken;https://www.neu-sw.de/pressemeldungen/waerme-aus-der-erde-neu-sw-baut-aquiferspeicher-zu-tiefengeothermie-anlage-um;;
B_Projekt in Bau;Graben-Neudorf;Baden-Württemberg;Hydrogeothermie;;;;;;;;2024;;;;;;53 Grad Celsius;privater Investor;Oberrheingraben;https://www.deutsche-erdwaerme.de/graben-neudorf/;Vulcan Energy/Geohardt;
B_Projekt in Bau;Geretsried;Bayern;Geschlossenes tiefengeothermisches System;;;155,3;4736;5;;;;;;;;Dolomit;;privater Investor;Molassebecken;;;Eavor-Loop
B_Projekt in Bau;Kirchweidach II ;Bayern;Hydrogeothermie;;;;;;;;;;;;;;;;Molassebecken;https://kirchweidach.de/kirchweidach/startseite/aktuelles/bohrstart-am-geothermieprojekt-kirchweidach-ii.html;;
B_Projekt in Bau;GT Tüßling ;Bayern;Hydrogeothermie;;;;;;;;;;;;;;;;;;;
B_Projekt in Bau;Berlin-Adlershof;Berlin;Aquiferspeicher;;;;;;;;;;;;;;;;;;;
B_Projekt in Bau;Potsdam;Brandenburg;Hydrogeothermie;;;;;;;;;;;;;;;;Nord.Becken;;;
B_Projekt in Bau;Hamburg-Wilhelmsburg;Hamburg;Hydrogeothermie;;;;;;;;;;;;;;;;Nord.Becken;;;
B_Projekt in Bau;Frankfurt am Main;Hessen;Forschung;;;;;;;;;;;;;;;;;letzte News: https://frankfurt.de/de-de/aktuelle-meldung/energiereferat/geothermie-forschungsbohrung-rebstock/;;
B_Projekt in Bau;Darmstadt;Hessen;"Erdwärmesondenspeicher
/ Forschung";;;;;;;;;;;;;;;;;Projektinfo: https://www.geo.tu-darmstadt.de/geothermie/forschungsprojekte_ag/laufende_projekte_ag/skews.de.jsp;;
B_Projekt in Bau;Aachen-Weisweiler ;Nordrhein-Westfalen;Sonde;;;150;5000;;;;;27.02.2020 - 26.02.2025;;;;;;;;;RWE Power Aktiengesellschaft in Köln und Essen, Forschung durch Fraunhofer IEG;
C_Forschungsprojekte ;Mauerstetten;Bayern;Forschung;;;130;4080;;;;;;;;;;;;Molassebecken;;;
C_Forschungsprojekte ;Groß Schönebeck;Brandenburg;Forschung;;1;150;4309;;;;2011;;;;;;;;Nord.Becken;;;
C_Forschungsprojekte ;Hannover;Niedersachsen;Forschung;2;;169;3820;;;;;;;;;;;;Nord.Becken;;;
C_Forschungsprojekte ;Horstberg;Niedersachsen;Forschung;;;159;3920;;;;;;;;;;;;Nord.Becken;;;
D_Projekt in Planung;Aachen - GEObservatorium;Nordrhein-Westfalen;Forschung;;;;;;;;;18.07.2022 bis 17.07.2027;;;;;;;;;GEObservatorium Aachen, RWTH AACHEN UNIVERSITY	;
C_Forschungsprojekte ;Zwickau;Sachsen;Grubenwasser;;;26;628;;;;2018;;Wärme;;;;;;;https://www.saechsische.de/nachhaltigkeit/sachsen-waerme-reservoir-themalwasser-vogtland-waerme-aus-grosser-tiefe-kommunen-suchen-klimaschonende-loesung-5894696.html;;
C_Forschungsprojekte ;HDR Bad Urach;Baden-Württemberg;Hot-Dry-Rock;;;;;;;;;;;;;;;;;;;
C_Forschungsprojekte ;Alsdorf;Nordrhein-Westfalen;Forschung;;;26;900;;;;2018;;;;;;;;Nord.Becken;;;
B_Projekt in Bau;München Allach (MTU) / Karlsfeld Ost;Bayern;Hydrogeothermie;;;;;;;;;;;;;;;;Molassebecken;https://www.mtu.de/de/ueber-uns/corporate-responsibility/produktion-instandsetzung/geothermie/;;
D_Projekt in Planung;Bad Waldsee II;Baden-Württemberg;Hydrogeothermie;;;;;;;;;12/31/2027;;;;;;kommunal;Molassebecken;;Stadtwerke Bad Waldsee GmbHHauptstraße 2988339 Bad Waldsee;
D_Projekt in Planung;Lörrach;Baden-Württemberg;Hydrogeothermie;;;;;;;;;30.06.2026.;;;;;;;;;;
D_Projekt in Planung;Lahr;Baden-Württemberg;Hydrogeothermie;;;;;;;;;06/30/2026;;;;;;;;;;
D_Projekt in Planung;Erlich;Baden-Württemberg;Hydrogeothermie;;;;;;;;;02/28/2025;;;;;;privater Investor;Oberrheingraben;;Deutsche ErdWärme GmbHMarktplatz 382031 Grünwald;
D_Projekt in Planung;KIT Campus Nord II;Baden-Württemberg;Hydrogeothermie;;;;;;;;;06/30/2026;;;;;;privater Investor;Oberrheingraben;;Arbeitsgemeinschaft Karlsruher Institut für Technologie (KIT) / EnBW Energie Baden-Württemberg AGKaiserstraße 1276131 Karlsruhe;
D_Projekt in Planung;Freiburg/ Südlicher Oberrhein;Baden-Württemberg;Hydrogeothermie;;;;;;;;;04/30/2024;;;;;;privater Investor;Oberrheingraben;;badenova WärmePlus GmbH & Co. KGTullastraße 6179108 Freiburg;
D_Projekt in Planung;Hardt;Baden-Württemberg;Hydrogeothermie;;;;;;;;;03/31/2026;;;;;;privater Investor;Oberrheingraben;https://www.rnf.de/mediathek/video/geothermie-die-suche-nach-heissem-wasser-in-3500-metern-tiefe/;GeoHardt GmbHScheffelstraße 1668723 Schwetzingen;Gehört zu EnBW, (Kölbel)
D_Projekt in Planung;Karlsdorf III;Baden-Württemberg;Hydrogeothermie;;;;;;;;;;;;;;;;;;;
D_Projekt in Planung;Karlsruhe-Rheinhafen;Baden-Württemberg;Hydrogeothermie;;;;;;;;;07/31/2028;;;;;;;;;EnBW undStadtwerke Karlsruhe;
D_Projekt in Planung;Karlsruhe-Süd II;Baden-Württemberg;Hydrogeothermie;;;;;;;;;07/31/2027;;;;;;privater Investor;Oberrheingraben;https://www.deutsche-erdwaerme.de/karlsruhe-neureut/;Deutsche ErdWärme GmbHMarktplatz 382031 Grünwald;Standortsuche findet statt
D_Projekt in Planung;Mannheim;Baden-Württemberg;Hydrogeothermie;;;;;;;;;;;;;;;;;;;
D_Projekt in Planung;Ortenau II;Baden-Württemberg;Hydrogeothermie;;;100;3000;;;;;12/31/2025;;;;;;privater Investor;Oberrheingraben;;Vulcan Energie Ressourcen GmbHAmalienbadstraße 41, Bau 5276227 Karlsruhe;
D_Projekt in Planung;Biberach a.d.Riß.;Baden-Württemberg;Hydrogeothermie;;;;;;;;;09/30/2028;;;;;;;;;;
D_Projekt in Planung;Käfersteige;Baden-Württemberg;Hydrogeothermie;;;;;;;;;07/31/2026;;;;;;;;;;
D_Projekt in Planung;Römerbad;Baden-Württemberg;Hydrogeothermie;;;;;;;;;10/31/2024;;;;;;privater Investor;Oberrheingraben;;Deutsche ErdWärme GmbHMarktplatz 382031 Grünwald;
D_Projekt in Planung;Waghäusel;Baden-Württemberg;Hydrogeothermie;;;;;;;;;;;;;;;privater Investor;Oberrheingraben;Bürgerentscheid am 23.3.23;Deutsche ErdWärme GmbHMarktplatz 382031 Grünwald;
D_Projekt in Planung;Weinheim-Süd;Baden-Württemberg;Hydrogeothermie;;;;;;;;;11/30/2025;;;;;;;;;;
D_Projekt in Planung;Gauting Ost;Bayern;Hydrogeothermie;;;;;;;;;11/30/2025;;;;;;;Molassebecken;;;
D_Projekt in Planung;"""GT Törring"" II";Bayern;Hydrogeothermie;;;;;;;;;04/30/2028;;;;;;;;;;
D_Projekt in Planung;Gauting West;Bayern;Hydrogeothermie;;;;;;;;;03/31/2025;;;;;;;;;;
D_Projekt in Planung;Engelsberg;Bayern;Hydrogeothermie;;;;;;;;;;;;;;;;;;;
D_Projekt in Planung;Dingharting-Attenham;Bayern;Hydrogeothermie;;;;;;;;;;;;;;;;;;;
D_Projekt in Planung;Planegg/Gräfelfing;Bayern;Hydrogeothermie;;;;;;;;;;;;;;;;Molassebecken;https://www.geothermie-graefelfing.de/bisherige-schritte;;
D_Projekt in Planung;Karlsfeld Nord;Bayern;Hydrogeothermie;;;;;;;;;;;;;;;;;;;
B_Projekt in Bau;Laufzorn II;Bayern;Hydrogeothermie;;;;;;;;;;;;;;;;;https://www.geothermie.de/aktuelles/nachrichten/news-anzeigen/erdwaerme-gruenwald-erhaelt-61-millionen-euro-bundesfoerderung-fuer-neue-geothermie-bohrung?tx_news_pi1%5BactbackPid%5D=137&cHash=45cea28bc5612327cf7aba755f33c620;;
D_Projekt in Planung;"Seefeld ""Vierseen""";Bayern;Hydrogeothermie;;;;;;;;;;;;;;;;;;;
D_Projekt in Planung;Geiselbullach;Bayern;Hydrogeothermie;;;;;;;;;;;;;;;;;;;
D_Projekt in Planung;Waldweihnacht;Bayern;Hydrogeothermie;;;;;;;;;;;;;;;;;;;
D_Projekt in Planung;Chemiepark Gendorf;Bayern;Hydrogeothermie;;;;;;;;;;;;;;;;;;;
D_Projekt in Planung;München-Feldmoching;Bayern;Hydrogeothermie;;;;;;;;;;;;;;;;;;;
D_Projekt in Planung;München-Freimann;Bayern;Hydrogeothermie;;;;;;;;;;;;;;;;;;;
D_Projekt in Planung;München-Milbertshofen (BMW);Bayern;Hydrogeothermie;;;;;;;;;;;;;;;;;;;
B_Projekt in Bau;Neuperlach (Michaelibad);Bayern;Hydrogeothermie;;;;;;;;;;;;;;;;;;;
D_Projekt in Planung;"Altdorf ""Ziegelei""";Bayern;Hydrogeothermie;;;;;;;;;;;;;;;;;;;
D_Projekt in Planung;Palling;Bayern;Hydrogeothermie;;;;;;;;;;;;;;;;Molassebecken;https://www.geothermie-palling.de/presse;;
D_Projekt in Planung;Pullach Süd;Bayern;Hydrogeothermie;;;;;;;;;;;;;;;;;;;
D_Projekt in Planung;"Rupertiwinkel ""Ruperti II""";Bayern;Hydrogeothermie;;;;;;;;;;;;;;;;;;;
D_Projekt in Planung;Ampfing Geothermal;Bayern;Hydrogeothermie;;;;;;;;;;;;;;;;;;;
D_Projekt in Planung;"Weilheim ""Hardtwiese""";Bayern;Hydrogeothermie;;;;;;;;;;;;;;;;;;;
D_Projekt in Planung;Fürstenfeldbruck-Nord;Bayern;Hydrogeothermie;;;;;;;;;;;;;;;;;;;
D_Projekt in Planung;GeoFwFreising;Bayern;Hydrogeothermie;;;;;;;;;;;;;;;;;;;
D_Projekt in Planung;Neufahrn-Eching;Bayern;Hydrogeothermie;;;;;;;;;;;;;;;;;;;
D_Projekt in Planung;Wolfratshausen;Bayern;Hydrogeothermie;;;;;;;;;;;;;;;;;;;
D_Projekt in Planung;Traunreut / Waging am See ;Bayern;Hydrogeothermie;;;;;;;;;;;;;;;;;;;
D_Projekt in Planung;Dachau-Nord;Bayern;Hydrogeothermie;;;;;;;;;;;;;;;;;;;
D_Projekt in Planung;"Graben ""Lechfeld""";Bayern;Hydrogeothermie;;;;;;;;;;;;;;;;;;;
D_Projekt in Planung;Traunstein;Bayern;Hydrogeothermie;;;;;;;;;;;;;;;;Molassebecken;http://www.geothermie-traunstein.de/;;
D_Projekt in Planung;Trostberg;Bayern;Hydrogeothermie;;;;;;;;;;;;;;;;Molassebecken;;;
D_Projekt in Planung;Erdwärme Vaterstetten;Bayern;Hydrogeothermie;;;;;;;;;;;;;;;;;;;
D_Projekt in Planung;Ammersee-West;Bayern;Hydrogeothermie;;;;;;;;;;;;;;;;;;;
D_Projekt in Planung;Augsburg-Ost;Bayern;Hydrogeothermie;;;;;;;;;;;;;;;;;;;
D_Projekt in Planung;Aschau am Inn;Bayern;Hydrogeothermie;;;;;;;;;;;;;;;;;;;
D_Projekt in Planung;Seismik Giga-M;Bayern;Hydrogeothermie;;;;;;;;;;;;;;;;;;;
D_Projekt in Planung;Erdwärme Rosenheim;Bayern;Hydrogeothermie;;;;;;;;;;;;;;;;;;;
D_Projekt in Planung;Erdwärme Feldkirchen-Westerham;Bayern;Hydrogeothermie;;;;;;;;;;;;;;;;;;;
D_Projekt in Planung;Graming;Bayern;Hydrogeothermie;;;;;;;;;;;;;;;;;;;
D_Projekt in Planung;Würzburg;Bayern;Hydrogeothermie;;;;;;;;;;;;;;;;;;;
D_Projekt in Planung;Stadtwärme Neu-Ulm;Bayern;Hydrogeothermie;;;;;;;;;;;;;;;;;;;
D_Projekt in Planung;Nürnberg;Bayern;Hydrogeothermie;;;;;;;;;;;;;;;;;;;
D_Projekt in Planung;Berlin;Berlin;Hydrogeothermie;;;;;;;;;;;;;;;;Nord.Becken;;;
D_Projekt in Planung;Grunewald;Berlin;Hydrogeothermie;;;;;;;;;;;;;;;;;;;
D_Projekt in Planung;Brand;Brandenburg;Hydrogeothermie;;;;;;;;;;;;;;;;Nord.Becken;;;
D_Projekt in Planung;Premnitz;Brandenburg;Hydrogeothermie;;;;;;;;;;;;;;;;;;;
D_Projekt in Planung;Bernau;Brandenburg;Hydrogeothermie;;;;;;;;;;;;;;;;;;;
D_Projekt in Planung;Schwielowsee;Brandenburg;Hydrogeothermie;;;;;;;;;;;;;;;;;;;
D_Projekt in Planung;Prenzlau-Nord 2/Erdwärme ;Brandenburg;Hydrogeothermie;;;;;;;;;;;;;;;;;;;
B_Projekt in Bau;Neuruppin;Brandenburg;Hydrogeothermie;;;;;;;;;;;;;;;;;https://www.geothermie.de/aktuelles/nachrichten/news-anzeigen/bohrung-in-neuruppin-erreicht-500-meter-marke?tx_news_pi1%5BactbackPid%5D=137&cHash=45cea28bc5612327cf7aba755f33c620;;
D_Projekt in Planung;Karlshagen-Usedom;Mecklenburg-Vorpommern;Hydrogeothermie;;;;;;;;;;;;;;;;Nord.Becken;https://www.geothermie-karlshagen.de/;;
D_Projekt in Planung;Karlshagen-Usedom/Kaiserbäder Usedom;Mecklenburg-Vorpommern;Hydrogeothermie;;;;;;;;;;;;;;;;Nord.Becken;https://www.geothermie-karlshagen.de/;;
D_Projekt in Planung;Neustrelitz;Mecklenburg-Vorpommern;Hydrogeothermie;;;;;;;;;;;;;;;;;;;
D_Projekt in Planung;Wismar;Mecklenburg-Vorpommern;Hydrogeothermie;;;;;;;;;;;;;;;;;;;
D_Projekt in Planung;Göhren-Lebbin;Mecklenburg-Vorpommern;Hydrogeothermie;;;;;;;;;;;;;;;;;https://www.base.bund.de/SharedDocs/Downloads/BASE/DE/IP/einvernehmenserklaerung/Mecklenburg-Vorpommern/BASE-21102-08-A-0088.html;;
D_Projekt in Planung;„Jarovit“ in Wolgast;Mecklenburg-Vorpommern;Hydrogeothermie;;;;;;;;;;;;;;;;;;;
D_Projekt in Planung;„Vineta“ in Zinnowitz;Mecklenburg-Vorpommern;Hydrogeothermie;;;;;;;;;;;;;;;;;https://www.parchim.de/de/news/news-2024/information-geothermie/;;
D_Projekt in Planung;Geothermielagerstätte Prerow;Mecklenburg-Vorpommern;Hydrogeothermie;;;;;;;;;;;;;;;;;;;
D_Projekt in Planung;Parchim-Stadt;Mecklenburg-Vorpommern;Hydrogeothermie;;;;;;;;;;;;;;;;;;;
D_Projekt in Planung;Stralsund;Mecklenburg-Vorpommern;3 Sonden vorhanden, nicht in Nutzung;;;;;;;;;;;;;;;;Nord.Becken;;;
D_Projekt in Planung;Poggenpohl;Niedersachsen;Hydrogeothermie;;;;;;;;;31.01.2025.;;;;;;;;;;
D_Projekt in Planung;Altwarmbüchener Moor;Niedersachsen;Hydrogeothermie;;;;;;;;; 15.11.2022 bis 14.11.2025;;;;;;;Nord.Becken;;NDEWG GmbH Fiskediek 7a 49809 Lingen (Ems);
D_Projekt in Planung;Ilmenau I;Niedersachsen;Hydrogeothermie;;;;;;;;;;;;;;;;;;;
D_Projekt in Planung;Bentheimer Wald;Niedersachsen;Hydrogeothermie;;;;;;;;;14.06.2027.;;;;;;;;;;
D_Projekt in Planung;Mühlenhofsweg;Niedersachsen;Hydrogeothermie;;;;;;;;;;;;;;;;;;;
D_Projekt in Planung;Hannover-Buchholz I;Niedersachsen;Hydrogeothermie;;;;;;;;;;;;;;;;;;;
D_Projekt in Planung;Buchholz;Niedersachsen;Hydrogeothermie;;;;;;;;;31.03.2024.;;;;;;;;;;
D_Projekt in Planung;Nordhorn;Niedersachsen;Hydrogeothermie;;;;;;;;;;;;;;;;;;;
D_Projekt in Planung;Altencelle;Niedersachsen;Hydrogeothermie;;;;;;;;;;;;;;;;;https://www.lbeg.niedersachsen.de/aktuelles/pressemitteilungen/landkreis-celle-baker-hughes-inteq-gmbh-bekommt-feld-altencelle-zugeteilt-lbeg-erteilt-erlaubnis-zur-aufsuchung-von-erdwarme-221713.html;;
D_Projekt in Planung;Ahnsbeck;Niedersachsen;Hydrogeothermie;;;;;;;;;;;;;;;;;;;
D_Projekt in Planung;Göttingen I;Niedersachsen;Niedersachsen;;;;;;;;;;;;;;;;;;;
D_Projekt in Planung;Nordharz;Niedersachsen;Niedersachsen;;;;;;;;;;;;;;;;;;;
D_Projekt in Planung;Bad Fallingbostel;Niedersachsen;Niedersachsen;;;;;;;;;;;;;;;;;;;
D_Projekt in Planung;Kleefeld;Niedersachsen;Niedersachsen;;;;;;;;;11/30/2024;;;;;;;Nord.Becken;;Eavor GmbH;
D_Projekt in Planung;Munster-Bispingen;Niedersachsen;Hydrogeothermie;;;;5000;;;;2025;;;;;;;;Nord.Becken;;;
D_Projekt in Planung;Soltau;Niedersachsen;Hydrogeothermie;;;;;;;;;11/30/2024;;;;;;kommunal;Nord.Becken;;"Stadtwerke Soltau GmbH & Co. KG
Weinberg 46
29614 Soltau";
D_Projekt in Planung;Borkum;Niedersachsen;Hydrogeothermie;;;;;;;;;;;;;;;;;;;
D_Projekt in Planung;Bissendorf;Niedersachsen;Hydrogeothermie;;;;;;;;;;;;;;;;;;;
D_Projekt in Planung;Garbsen;Niedersachsen;Hydrogeothermie;;;;;;;;;;;;;;;;;;;
D_Projekt in Planung;Horstberg (neu);Niedersachsen;Hydrogeothermie;;;;;;;;;;;;;;;;;;;
D_Projekt in Planung;Uelzen;Niedersachsen;Hydrogeothermie;;;;;;;;;;;;;;;kommunal;Nord.Becken;;"Stadtwerke Uelzen GmbH
Im Neuen Felde 105
29525 Uelzen";
D_Projekt in Planung;Weyhe;Niedersachsen;Hydrogeothermie;;;;;;;;;;;;;;;;;;;
D_Projekt in Planung;Lüneburg I;Niedersachsen;Hydrogeothermie;;;;;;;;;;;;;;;;;;;
D_Projekt in Planung;Barnstorf;Niedersachsen;Hydrogeothermie;;;;;;;;;;;;;;;;;;;
D_Projekt in Planung;Kronsberg;Niedersachsen;Hydrogeothermie;;;;;;;;;;;;;;;;;;;
D_Projekt in Planung;Hemelingen;Bremen;Hydrogeothermie;;;;;;;;;;;;;;;;;;;
D_Projekt in Planung;Aachen-Weisweiler;Nordrhein-Westfalen;Forschung;;;;;;;;;25.08.2020-24.08.2025;;;;;;;;;;
D_Projekt in Planung;"""Geothermie-Aachen""";Nordrhein-Westfalen;Hydrogeothermie;;;;;;;;;21.04.2023-20.04.2028;;;;;;;;;;
D_Projekt in Planung;Aachen (Kreuz Aachen);Nordrhein-Westfalen;Hydrogeothermie;;;;;;;;;23.06.2022 bis 22.06.2025;;;;;;;;;Stadtwerke Aachen Aktiengesellschaft in Aachen;
D_Projekt in Planung;Bochum 1 (Fraunhofer IEG), Zukunftsenergie;Nordrhein-Westfalen;Hydrogeothermie;;;;;;;;;22.03.2012 bis 21.03.2025;;;;;;;;;Fraunhofer-Gesellschaft zur Förderung der angewandten Forschung e. V.;
B_Projekt in Bau;Bochum 2 (Stadtwerke Bochum, Mark 51°7) ;Nordrhein-Westfalen;Grubenwasser;;;;;;;;;27.08.2022 bis 26.08.2027;;;;;;;;;Stadtwerke Bochum Holding GmbH;
D_Projekt in Planung;Duisburg;Nordrhein-Westfalen;Hydrogeothermie;;;;;;;;;06.08.2022 bis 05.08.2025;;;;;;;;;Stadtwerke Duisburg Aktiengesellschaft;
B_Projekt in Bau;Krefeld/ Salvea - Lust auf grüne Energie;Nordrhein-Westfalen;Hydrogeothermie;;;;;;;;;;;;;;;;;https://www.krefeld.de/de/inhalt/geologischer-dienst-plant-forschungsbohrung-in-krefeld/;;
D_Projekt in Planung;Gelderland-Süd;Nordrhein-Westfalen;Hydrogeothermie;;;;;;;;;;;;;;;;;;;
D_Projekt in Planung;Kempener Westen;Nordrhein-Westfalen;Hydrogeothermie;;;;;;;;;;;;;;;;;;;
D_Projekt in Planung;Düsseldorf;Nordrhein-Westfalen;Hydrogeothermie;;;;;;;;;02.07.2022 bis 01.07.2025;;;;;;;;https://www.duesseldorf.de/umweltamt/umwelt-und-verbraucherthemen-von-a-z/tiefengeothermie.html;Stadtwerke Düsseldorf AG;
D_Projekt in Planung;"Oberhausen ""evo Geotherm""";Nordrhein-Westfalen;Hydrogeothermie;;;;;;;;;;;;;;;;;;;
D_Projekt in Planung;"Neukirchen-Vluyn ""ENNI Geothermie""";Nordrhein-Westfalen;Hydrogeothermie;;;;;;;;;;;;;;;;;;;
D_Projekt in Planung;Rheinberg Geothermie;Nordrhein-Westfalen;Hydrogeothermie;;;;;;;;;;;;;;;;;;;
D_Projekt in Planung;"Mülheim an der Ruhr ""medl-Geotherm""";Nordrhein-Westfalen;Hydrogeothermie;;;;;;;;;;;;;;;;;;;
D_Projekt in Planung;RheinEnergie Erdwärme;Nordrhein-Westfalen;Hydrogeothermie;;;;;;;;;;;;;;;;;;;
D_Projekt in Planung;Hagen;Nordrhein-Westfalen;Hydrogeothermie;;;130-160;3200-4100;;;;;23.03.2019 bis 22.03.2024	;;;;;;;;https://www.kabelpaper.de/kabel-zero/aktuelles/;Kabel Premium Pulp & Paper GmbH;
D_Projekt in Planung;Grüne-Wärme-Münster;Nordrhein-Westfalen;Hydrogeothermie;;;;;;;;2030;;;;;;;;;;;
D_Projekt in Planung;"""Grumbeere""";Rheinland-Pfalz;Hyrogeothermie;;;;;;;;;;;;;;;;;;;
D_Projekt in Planung;"""Margarete""";Rheinland-Pfalz;Grubenwasser;;;;;;;;;;;;;;;;;;;
D_Projekt in Planung;"""Ulrike""";Rheinland-Pfalz;Grubenwasser;;;;;;;;;;;;;;;;;;;
D_Projekt in Planung;"""Kerner""";Rheinland-Pfalz;Hydrogeothermie;;;;;;;;;;;;;;;;;;;
D_Projekt in Planung;"""Löwenherz""";Rheinland-Pfalz;Hydrogeothermie;;;;;;;;;;;;;;;;;;;
D_Projekt in Planung;"""Storchenaue""";Rheinland-Pfalz;Hyrogeothermie;;;;;;;;;;;;;;;;;;;
D_Projekt in Planung;"Bad Dürkheim ""Flaggenturm""";Rheinland-Pfalz;Hydrogeothermie;;;;;;;;;;;;;;;;;;;
D_Projekt in Planung;Eich-Hamm;Rheinland-Pfalz;Hydrogeothermie;;;;;;;;;;;;;;;;;;;
D_Projekt in Planung;"Haßloch ""Taro""";Rheinland-Pfalz;Hydrogeothermie;;;;;;;;;;;;;;;;;;;
D_Projekt in Planung;Ingelheim;Rheinland-Pfalz;Hydrogeothermie;;;;;;;;;;;;;;;;;;;
D_Projekt in Planung;Kaltenbach;Rheinland-Pfalz;Hydrogeothermie;;;;;;;;;;;;;;;;;;;
D_Projekt in Planung;Lingenfeld;Rheinland-Pfalz;Hydrogeothermie;;;;;;;;;;;;;;;;;;;
D_Projekt in Planung;"Ludwigshafen 1""Ludwig""";Rheinland-Pfalz;Hydrogeothermie;;;;;;;;;;;;;;;;;;;
D_Projekt in Planung;"Ludwigshafen 2""Therese""";Rheinland-Pfalz;Hydrogeothermie;;;;;;;;;;;;;;;;;;;
D_Projekt in Planung;Lutrina;Rheinland-Pfalz;Hydrogeothermie;;;;;;;;;;;;;;;;;;;
D_Projekt in Planung;Mainz;Rheinland-Pfalz;Hydrogeothermie;;;;;;;;;;;;;;;;;;;
D_Projekt in Planung;Rift;Rheinland-Pfalz;Hydrogeothermie;;;;;;;;;;;;;;;;;;;
D_Projekt in Planung;"Kandel ""Bienwald""";Rheinland-Pfalz;Hydrogeothermie;;;;;;;;;;;;;;;;;;;
D_Projekt in Planung;"Kaiserslautern ""Kasimir"" ";Rheinland-Pfalz;Hydrogeothermie;;;;;;;;;;;;;;;;;;;
D_Projekt in Planung;Bertha bei Wörth;Rheinland-Pfalz;Hydrogeothermie;;;;;;;;;;;;;;;;;https://mbpassion.de/2023/10/daimler-truck-will-in-woerth-ueber-geothermie-waerme-gewinnen/;;
D_Projekt in Planung;"Hagenbach ""Catharina Werde""";Rheinland-Pfalz;Hydrogeothermie;;;;;;;;;;;;;;;;;;;
D_Projekt in Planung;"Schifferstadt ""Rhein-Pfalz""";Rheinland-Pfalz;Hydrogeothermie;;;;;;;;;;;;;;;;;;;
D_Projekt in Planung;Worms-Silbersee;Rheinland-Pfalz;Hydrogeothermie;;;;;;;;;;;;;;;;;;;
D_Projekt in Planung;Dresden;Sachsen;Forschung;;;;;;;;;;;;;;;;;;;
D_Projekt in Planung;Neumühle;Sachsen;Hydrogeothermie;;;;;;;;;;;;;;;;;https://www.freiepresse.de/vogtland/plauen/geothermie-grossprojekt-am-geysir-im-vogtland-landrat-hofft-auf-kraftwerksbau-ab-2025-artikel13324080;;
D_Projekt in Planung;Freiberg;Sachsen;Grubenwasser;;;;;;;;;;;;;;;;;;;
D_Projekt in Planung;Lampertheim I;Hessen;Hydrogeothermie;;;;;;;;;;;;;;;;;;;
D_Projekt in Planung;Lampertheim II;Hessen;Hydrogeothermie;;;;;;;;;;;;;;;;;;;
D_Projekt in Planung;Luftbrücke;Hessen;Hydrogeothermie;;;;;;;;;;;;;;;;"Chemiepark Höchst und Frankfurter Flughafen
";https://www.irw-press.com/de/news/vulcan-erhaelt-neue-aufsuchungslizenz-in-der-region-frankfurt_72044.html?isin=AU0000066086;Vulcan ;
D_Projekt in Planung;"Einhausen ""Jägersburg""";Hessen;Hydrogeothermie;;;;;;;;;;;;;;;;Bei Biblis;https://rim.ekom21.de/lampertheim/sdnetrim/UGhVM0hpd2NXNFdFcExjZXszAKY_3xXBc9_taFXxMWeA5QJXA9haPZ1atK8RWJLv/Anlage2_Karte_zum_Ausschluss_von_Gebieten_mit_potenziellen_Nutzungskonflikten_fuer_das_Bohren.pdf;Eavor;
D_Projekt in Planung;Ried;Hessen;Hydrogeothermie;;;;;;;;;;;;;;;;;;;
D_Projekt in Planung;Norderstedt;Schleswig-Holstein;Hydrogeothermie;;;;;;;;;;;;;;;;;;;
D_Projekt in Planung;Neumünster;Schleswig-Holstein;Hydrogeothermie;;;;;;;;;;;;;;;;;;;
D_Projekt in Planung;Lübeck;Schleswig-Holstein;Hydrogeothermie;;;;;;;;;;;;;;;;;;;
D_Projekt in Planung;Husum;Schleswig-Holstein;Hydrogeothermie;;;;;;;;;;;;;;;;;;;
D_Projekt in Planung;Jeetze;Sachsen-Anhalt;Hydrogeothermie;;;;;;;;;;;;;;;;;;;Lithium und Thermalwasser in bestehenden Gasbohrungen
D_Projekt in Planung;Sangerhausen;Sachsen-Anhalt;Grubenwasser;;;;;;;;;;;;;;;;;;;
D_Projekt in Planung;Erfurt;Thüringen;Hydrogeothermie;;;;;;;;;;;;;;;;;;;
